#	SummonChessTable																														
#	Id		Name	Quality	PopCost	Races	Classes	PrefabId	IconId	HeadImgId	MaxHp	MaxMp	InitialMp	AtkDamage	AtkSpeed	AtkRange	Armor	MagicResist	MoveSpeed	CritRate	CritDamage	SpellPower	Shield	CooldownReduce	PassiveIds	NormalAtkId	Skill1Id	Skill2Id	AIType	CustomData	Description
#	int		string	int	int	int[]	int[]	int[]	int[]	int[]	double[]	double[]	double[]	double[]	double[]	double[]	double[]	double[]	double	double[]	double[]	double[]	double	double	int[]	int[]	int[]	int[]	int	string	string[]
#	棋子的唯一配置ID	备注	棋子名称	品质/等级（1-4，对应蓝、紫、金、炫彩）	占用人口数	种族ID数组（用于触发羁绊，如：1,2）	职业ID数组（用于触发羁绊，如：3）	棋子预制体资源ID（阶级数组，暂时三阶相同）	棋子图标资源ID（阶级数组，暂时三阶相同）	棋子头像资源ID（阶级数组，暂时三阶相同）	最大生命值（三个阶级）	最大法力值（三个阶级）	初始法力值（三个阶级）	攻击力（三个阶级）	攻击速度（三个阶级）	攻击距离（三个阶级）	护甲（三个阶级）	魔抗（三个阶级）	移动速度	暴击率（三个阶级）	暴击伤害倍率（三个阶级）	法术强度（三个阶级）	护盾值	冷却缩减	被动技能ID数组（三个值，暂时相同）	普攻效果技能ID（三个值，暂时相同）	技能一ID（三个值，暂时相同）	大招ID（三个值，暂时相同）	棋子AI模式:1=近战寻敌2=远程站桩3=稻草人	自定义数据（JSON格式）	棋子的背景描述（三个值：一阶/二阶/三阶）
	1		后羿	2	1	1	1	2301,2301,2301	1301,1301,1301	13001,13001,13001	400,580,800	100,100,100	60,60,60	10,16,26	0.5,0.65,0.8	10,11,12	20,25,30	20,25,30	3	0.15,0.2,0.25	1.5,1.7,2.0	0,0,0	0	0	11,11,11	12,12,12	13,13,13	14,14,14	2		暂无,暂无,暂无
	4		嫦娥	2	1	1	3	2304,2304,2304	1304,1304,1304	13004,13004,13004	300,420,580	120,120,120	80,80,80	8,12,20	1,1,1	8,9,10	10,12,15	25,35,45	3	0.15,0.15,0.15	1.5,1.5,1.5	16,28,45	0	0	21,21,21	22,22,22	23,23,23	24,24,24	2		暂无,暂无,暂无
	9		敌人测试	2	1	1	1	2309,2309,2309	1301,1301,1301	13001,13001,13001	400,400,400	100,100,100	60,60,60	10,10,10	0.5,0.5,0.5	10,10,10	10,20,20	20,20,20	3	0.15,0.15,0.15	1.5,1.5,1.5	0,0,0	0	0	11,11,11	12,12,12	13,13,13	14,14,14	2		暂无,暂无,暂无
	10		邪灵	1	1		2	2310,2310,2310	1310,1310,1310	13010,13010,13010	320,450,600	100,100,100	60,60,60	12,18,28	0.8,0.9,1.0	2,2,2	15,20,28	10,15,20	3.5	0.05,0.05,0.05	1.5,1.5,1.5	10,20,30	0	0	31,31,31	32,32,32	33,33,33	34,34,34	1		曾经纯洁的仙灵，被黑暗力量污染后失去自我。,暂无,暂无
	11		恶魂	1	1		2	2311,2311,2311	1311,1311,1311	13011,13011,13011	280,400,550	100,100,100	60,60,60	9,14,22	0.8,0.9,1.0	10,11,12	20,15,20	15,20,28	3.5	0.05,0.05,0.05	1.5,1.5,1.5	35,50,70	0	0	41,41,41	42,42,42	43,43,43	44,44,44	2		世间邪恶与负能量的集合体，无实体。,暂无,暂无
	12		黑暗杨戬	3	3		1	2312,2312,2312	13012,13012,13012	13012,13012,13012	800,1200,1600	150,150,150	80,80,80	25,40,60	0.6,0.75,0.9	3,4,5	40,50,60	30,40,50	2	0.2,0.25,0.3	2.0,2.2,2.5	0,0,0	0	0	51,51,51	52,52,52	53,53,53	55,55,55	1	{"Phases":[{"PhaseNum":1,"HealthPercentThreshold":60,"BuffIds":[],"SkillOverride":null,"UltimateModifier":null,"SubordinateSpawn":null},{"PhaseNum":2,"HealthPercentThreshold":30,"BuffIds":[22],"SkillOverride":{"Skill2Id":54},"UltimateModifier":null,"SubordinateSpawn":{"ChessId":13,"Quantity":1,"InheritRatio":0.8}},{"PhaseNum":3,"HealthPercentThreshold":0,"BuffIds":[24,25],"SkillOverride":{"NormalAttackSkillId":53,"Skill1Id":0},"UltimateModifier":null,"SubordinateSpawn":null}]}	杨戬被黑暗力量侵蚀后的形态。,暂无,暂无
	13		黑暗哮天犬	1	0		1	2313,2313,2313	13013,13013,13013	13013,13013,13013	0,0,0	0,0,0	0,0,0	0,0,0	0,0,0	0,0,0	0,0,0	0,0,0	4	0,0,0	0,0,0	0,0,0	0	0	0,0,0	56,56,56	0,0,0	0,0,0	1		黑暗杨戬的从属单位。,暂无,暂无
	9999		稻草人	1	0			2399,2399,2399	1399,1399,1399	13999,13999,13999	2000,2000,2000	100,100,100	0,0,0	0,0,0	1,1,1	1,1,1	0,0,0	0,0,0	0	0,0,0	1.5,1.5,1.5	0,0,0	0	0		0	0	0	3		暂无,暂无,暂无
	1001		召唤师-狂战士	4	0			2101	1105	1105	1	0	0	10	0.5	6	20	20	0	0.15	1.5	0	0	0		0	0	0	0		暂无,暂无,暂无
