#	SummonChessSkillTable																										
#	ID		Name	SkillType	TargetDeadState	DamageType	DamageCoeff	EffectHitType	ProjectilePrefabId	BuffTriggerType	BaseDamage	MpCost	MpRestore	Cooldown	CastRange	AreaRadius	HitCount	PenetrationCount	BuffIds	SelfBuffIds	ProjectileSpeed	IconId	EffectId	EffectSpawnHeight	HitEffectId	CustomData	Desc
#	int		string	int	int	int	double	int	int	int	double	double	double	double	double	double	int	int	int[]	int[]	double	int	int	float	int	string	string
#	技能唯一ID	备注	技能名称	技能类型：1=被动 2=普攻效果 3=主动技能 4=大招	作用目标存活状态	伤害类型：0=无伤害 1=物理 2=魔法 3=真实	伤害系数:（基于攻击力/法强的百分比）如1.5=150%）	效果命中类型：0=瞬发1=近2=投射物 3=AO4=射线,5=特殊	投射物预制体ID（AttackHitType=2时使用）	Buff触发类型：0=执行时（动画执行帧）应用1=命中时应用2=完成某种条件进行应用	基础固定伤害值	法力消耗	法力回复	冷却时间（秒）	施法/生效范围	AOE半径（0=单体）	触发次数（多段伤害）表示一次技能触发效果的次数	穿透数量（投射物穿透）表示投射物可以穿透并命中的敌人数量	释放时附加的BuffID数组	释放时给自身附加的BuffID数组	投射物速度（0=即时命中）	技能图标资源ID	技能特效资源ID	特效播放的相对位置	受击特效资源ID	自定义数据（JSON格式）	技能描述
	11		日落长弓	1	0	0	0	0	0	2	0	0	0	0	0	0	0	1	0	5	0	1801	0	0	0		后羿被动：白天伤害+15%，射程+30%
	12		后羿普攻	2	0	1	1	2	3002	1	0	0	10	0	0	0	1	1	0	0	20	1802	0	0	0		后羿普攻：物理伤害
	13		神力	3	0	0	0	0	0	0	0	30	0	10	0	0	0	1	1	4	0	1803	3001	0.05	0		后羿技能一：普攻附带灼烧，攻击力+25%
	14		日陨	4	0	1	2.5	2	3003	1	50	80	0	0	15	2	1	9	1	0	20	1804	0	0	0		后羿大招：直线穿透，无衰减，+2层灼烧
	21		九天玄冰	1	0	0	0	0	0	2	0	0	0	0	0	0	0	1	6	0	0	1805	0	0	0		嫦娥被动：被攻击减速敌人，夜晚法强+40，攻击附带寒霜
	22		嫦娥普攻	2	0	2	0.8	2	3004	1	0	0	10	0	0	0	1	1	2	0	15	1806	0	0	0		嫦娥普攻：魔法伤害，附带寒霜
	23		朔月飞轮	3	0	2	1.2	2	3005	1	30	40	0	8	8	1.5	1	9	0	0	25	1807	0	0	0		嫦娥技能一：月形冰刃往返，命中两次
	24		月华天倾	4	0	2	0.6	5	0	1	20	80	0	0	6	4	10	1	0	0	100	1808	0	0	0	{"MagicCircleId":3006,"ProjectilePrefabId":3007,"SpawnHeight":0.15,"Duration":5}	嫦娥大招：持续5s范围多段轰击
	31		黑暗侵染	1	0	0	0	0	0	0	0	0	0	0	0	0	0	1	0	0	0	1831	0	0	0		邪灵被动：普攻命中30%概率对目标施加恐惧（攻击力-20%，持续2s）
	32		邪灵普攻	2	0	1	1	1	0	1	0	0	15	0	0	0	1	1	0	0	0	1832	0	0	0		邪灵普攻：近战物理伤害
	33		污染斩击	3	0	1	2	3	0	1	50	30	0	8	2.1	4	0	0	0	0	0	1833	3008	0.5	0	{"IsContinuous":true,"AOEShape":"Sector","SectorAngle":150,"TickInterval":0.05,"HitPolicy":"OncePerTarget"}	邪灵技能一：向前方挥出巨大范围斩击，对范围内敌人造成高额伤害并施加2层腐蚀
	34		腐蚀法阵	4	0	2	0	5	0	1	0	60	0	12	10	4	0	1	0	0	0	1834	0	0	0	{"MagicCircleId":3009,"SpawnHeight":0.1,"DotInterval":1,"CorrosionInterval":5,"DotDamageCoeff":0.25,"DotBaseDamage":10,"ExplosionDamageCoeff":1.2,"ExplosionBaseDamage":30}	邪灵大招：锁定目标位置生成法阵；敌人首次进入立即获得2层腐蚀；法阵内持续受到魔法伤害且每停留5秒叠加1层腐蚀（离开重置）；爆炸时对范围内敌人造成大量伤害并再施加1层腐蚀
	41		虚无之躯	1	0	0	0	0	0	0	0	0	0	0	0	0	0	0	0	10	0	1841	0	0	0		恶魂被动：物理伤害减免30%，虚无之物难以被伤害
	42		恶魂普攻	2	0	2	0.8	2	3010	1	0	0	20	0	0	0	1	1	9	0	15	1842	0	0	0		恶魂普攻：发射黑暗能量球造成法术伤害，20%概率使目标陷入恐惧
	43		心灵扭曲	3	0	2	1.2	3	0	1	40	50	0	9	4.5	0	1	0	5009	0	0	1843	0	0	0		恶魂技能一：诵读古老音节，对范围内敌人造成法术伤害，使其陷入混乱状态
	44		邪念潮涌	4	0	2	1.5	3	0	1	50	70	0	15	6	0	1	0	5009,9	0	0	1844	0	0	0		恶魂大招：释放压抑已久的邪念怨恨发出冲击，对前方范围内所有敌人造成法术伤害，施加混乱状态并60%概率造成恐惧
	51		黑暗神力	1	0	0	0	0	0	0	0	0	0	0	0	0	0	0	21	0	0	1845	0	0	0		黑暗杨戬被动：所有攻击附带腐蚀效果，多阶段Boss
	52		黑暗戟横扫	2	0	1	1.2	1	0	1	0	0	15	0	0	0	1	0	0	0	0	1846	0	0	0		黑暗杨戬普攻：以黑暗戟横扫，造成物理伤害
	53		天威圣戟·黑暗	3	0	1	1.5	3	0	1	40	50	0	8	4	0	1	0	0	0	0	1847	0	0	0		黑暗杨戬技能一：范围清盾技能
	54		三眼天火	3	0	2	1.2	2	0	1	40	50	0	9	6	0	1	0	1	0	0	1848	0	0	0		黑暗杨戬技能二：直线法术伤害，施加灼烧
	55		堕落劈山	4	0	3	2	1	0	1	100	100	0	15	8	0	1	0	0	0	0	1849	0	0	0		黑暗杨戬大招：真实伤害，留下黑暗裂缝
	56		撕咬	2	0	1	1	1	0	1	0	0	15	0	0	0	1	0	23	0	0	1850	0	0	0		黑暗哮天犬普攻：近战物理伤害，附带流血